crossing time (s)	slope (V/s)	crossing number
281474976710655.000000	Inf	1224	0.000000
281474976710655.000000	Inf	1225	0.000000
281474976710655.000000	Inf	1226	0.000000
281474976710655.000000	188.368576	1227	0.000000
281474976710655.000000	165.056000	1228	0.000000
281474976710655.000000	143.232162	1229	0.000000
281474976710655.000000	130.601303	1230	0.000000
281474976710655.000000	111.468513	1231	0.000000
281474976710655.000000	106.754753	1232	0.000000
281474976710655.000000	101.075325	1233	0.000000
281474976710655.000000	161.685715	1234	0.000000
281474976710655.000000	65.960159	1235	0.000000
281474976710655.000000	62.924438	1236	0.000000
281474976710655.000000	85.294525	1237	0.000000
281474976710655.000000	43.440544	1238	0.000000
281474976710655.000000	36.887955	1239	0.000000
281474976710655.000000	37.145405	1240	0.000000
281474976710655.000000	28.896240	1241	0.000000
281474976710655.000000	24.382883	1242	0.000000
281474976710655.000000	21.834526	1243	0.000000
281474976710655.000000	15.667613	1244	0.000000
281474976710655.000000	15.199730	1245	0.000000
281474976710655.000000	11.934572	1246	0.000000
281474976710655.000000	10.774013	1247	0.000000
281474976710655.000000	9.883004	1248	0.000000
281474976710655.000000	8.010355	1249	0.000000
281474976710655.000000	6.911624	1250	0.000000
281474976710655.000000	5.687536	1251	0.000000
281474976710655.000000	4.899971	1252	0.000000
281474976710655.000000	4.128487	1253	0.000000
281474976710655.000000	3.370101	1254	0.000000
281474976710655.000000	2.946194	1255	0.000000
281474976710655.000000	2.598885	1256	0.000000
281474976710655.000000	1.910457	1257	0.000000
281474976710655.000000	1.704401	1258	0.000000
