crossing time (s)	slope (V/s)	crossing number
281474976710655.000000	Inf	2603	0.000000
281474976710655.000000	Inf	2604	0.000000
281474976710655.000000	Inf	2605	0.000000
281474976710655.000000	Inf	2606	0.000000
281474976710655.000000	Inf	2607	0.000000
281474976710655.000000	Inf	2608	0.000000
281474976710655.000000	Inf	2609	0.000000
281474976710655.000000	Inf	2610	0.000000
281474976710655.000000	Inf	2611	0.000000
281474976710655.000000	Inf	2612	0.000000
281474976710655.000000	Inf	2613	0.000000
281474976710655.000000	Inf	2614	0.000000
281474976710655.000000	Inf	2615	0.000000
281474976710655.000000	Inf	2616	0.000000
281474976710655.000000	Inf	2617	0.000000
281474976710655.000000	Inf	2618	0.000000
281474976710655.000000	Inf	2619	0.000000
281474976710655.000000	Inf	2620	0.000000
281474976710655.000000	Inf	2621	0.000000
281474976710655.000000	Inf	2622	0.000000
281474976710655.000000	Inf	2623	0.000000
281474976710655.000000	Inf	2624	0.000000
281474976710655.000000	Inf	2625	0.000000
281474976710655.000000	Inf	2626	0.000000
281474976710655.000000	Inf	2627	0.000000
281474976710655.000000	Inf	2628	0.000000
281474976710655.000000	Inf	2629	0.000000
281474976710655.000000	Inf	2630	0.000000
281474976710655.000000	Inf	2631	0.000000
281474976710655.000000	Inf	2632	0.000000
281474976710655.000000	199.172165	2633	0.000000
281474976710655.000000	Inf	2634	0.000000
281474976710655.000000	Inf	2635	0.000000
281474976710655.000000	Inf	2636	0.000000
281474976710655.000000	Inf	2637	0.000000
281474976710655.000000	Inf	2638	0.000000
281474976710655.000000	162.467651	2639	0.000000
281474976710655.000000	Inf	2640	0.000000
281474976710655.000000	157.880753	2641	0.000000
281474976710655.000000	152.779617	2642	0.000000
281474976710655.000000	146.432220	2643	0.000000
281474976710655.000000	69.859322	2644	0.000000
281474976710655.000000	138.259155	2645	0.000000
281474976710655.000000	Inf	2646	0.000000
281474976710655.000000	66.629379	2647	0.000000
281474976710655.000000	124.594994	2648	0.000000
281474976710655.000000	126.837250	2649	0.000000
281474976710655.000000	68.326859	2650	0.000000
281474976710655.000000	Inf	2651	0.000000
281474976710655.000000	117.182434	2652	0.000000
281474976710655.000000	Inf	2653	0.000000
281474976710655.000000	102.754593	2654	0.000000
281474976710655.000000	106.704231	2655	0.000000
281474976710655.000000	91.340126	2656	0.000000
281474976710655.000000	98.063240	2657	0.000000
281474976710655.000000	90.356049	2658	0.000000
281474976710655.000000	61.431919	2659	0.000000
281474976710655.000000	86.238945	2660	0.000000
281474976710655.000000	88.331078	2661	0.000000
281474976710655.000000	52.063061	2662	0.000000
281474976710655.000000	172.481888	2663	0.000000
281474976710655.000000	87.800507	2664	0.000000
281474976710655.000000	69.599388	2665	0.000000
281474976710655.000000	69.052101	2666	0.000000
281474976710655.000000	73.210846	2667	0.000000
281474976710655.000000	38.394310	2668	0.000000
281474976710655.000000	69.623787	2669	0.000000
281474976710655.000000	62.038517	2670	0.000000
281474976710655.000000	56.612053	2671	0.000000
281474976710655.000000	55.891750	2672	0.000000
281474976710655.000000	97.697990	2673	0.000000
281474976710655.000000	56.439419	2674	0.000000
281474976710655.000000	44.630810	2675	0.000000
281474976710655.000000	44.048729	2676	0.000000
281474976710655.000000	55.973579	2677	0.000000
281474976710655.000000	45.807888	2678	0.000000
281474976710655.000000	42.077549	2679	0.000000
281474976710655.000000	46.851376	2680	0.000000
281474976710655.000000	39.607906	2681	0.000000
281474976710655.000000	43.177544	2682	0.000000
281474976710655.000000	36.968937	2683	0.000000
281474976710655.000000	33.090630	2684	0.000000
281474976710655.000000	32.142960	2685	0.000000
281474976710655.000000	41.198292	2686	0.000000
281474976710655.000000	40.292961	2687	0.000000
281474976710655.000000	31.732523	2688	0.000000
281474976710655.000000	31.850630	2689	0.000000
281474976710655.000000	32.513824	2690	0.000000
281474976710655.000000	31.595926	2691	0.000000
281474976710655.000000	33.833721	2692	0.000000
281474976710655.000000	29.448578	2693	0.000000
281474976710655.000000	25.036278	2694	0.000000
281474976710655.000000	24.395229	2695	0.000000
281474976710655.000000	23.913406	2696	0.000000
281474976710655.000000	18.656061	2697	0.000000
281474976710655.000000	24.471136	2698	0.000000
281474976710655.000000	22.583405	2699	0.000000
281474976710655.000000	22.767349	2700	0.000000
281474976710655.000000	19.082397	2701	0.000000
281474976710655.000000	18.757732	2702	0.000000
281474976710655.000000	19.121246	2703	0.000000
281474976710655.000000	17.647223	2704	0.000000
281474976710655.000000	16.490641	2705	0.000000
281474976710655.000000	13.525632	2706	0.000000
281474976710655.000000	16.645496	2707	0.000000
281474976710655.000000	13.782717	2708	0.000000
281474976710655.000000	15.506003	2709	0.000000
281474976710655.000000	15.612342	2710	0.000000
281474976710655.000000	12.153575	2711	0.000000
281474976710655.000000	12.152860	2712	0.000000
281474976710655.000000	11.737662	2713	0.000000
281474976710655.000000	13.156279	2714	0.000000
281474976710655.000000	11.285600	2715	0.000000
281474976710655.000000	10.535880	2716	0.000000
281474976710655.000000	9.720543	2717	0.000000
281474976710655.000000	9.347185	2718	0.000000
281474976710655.000000	9.765008	2719	0.000000
281474976710655.000000	9.408926	2720	0.000000
281474976710655.000000	9.033191	2721	0.000000
281474976710655.000000	7.897862	2722	0.000000
281474976710655.000000	7.917629	2723	0.000000
281474976710655.000000	7.707005	2724	0.000000
281474976710655.000000	7.251706	2725	0.000000
281474976710655.000000	7.231462	2726	0.000000
281474976710655.000000	6.757388	2727	0.000000
281474976710655.000000	6.434722	2728	0.000000
281474976710655.000000	6.477536	2729	0.000000
281474976710655.000000	5.940193	2730	0.000000
281474976710655.000000	5.912442	2731	0.000000
281474976710655.000000	5.421174	2732	0.000000
281474976710655.000000	5.312424	2733	0.000000
281474976710655.000000	5.241510	2734	0.000000
281474976710655.000000	4.862927	2735	0.000000
281474976710655.000000	4.727641	2736	0.000000
281474976710655.000000	4.429317	2737	0.000000
281474976710655.000000	4.283325	2738	0.000000
281474976710655.000000	4.125145	2739	0.000000
281474976710655.000000	4.004534	2740	0.000000
281474976710655.000000	3.737946	2741	0.000000
281474976710655.000000	3.654114	2742	0.000000
281474976710655.000000	3.485760	2743	0.000000
281474976710655.000000	3.388658	2744	0.000000
281474976710655.000000	3.194973	2745	0.000000
281474976710655.000000	3.019873	2746	0.000000
281474976710655.000000	2.882048	2747	0.000000
281474976710655.000000	2.804560	2748	0.000000
281474976710655.000000	2.702980	2749	0.000000
281474976710655.000000	2.581099	2750	0.000000
281474976710655.000000	2.431111	2751	0.000000
281474976710655.000000	2.360039	2752	0.000000
281474976710655.000000	2.300889	2753	0.000000
281474976710655.000000	2.136874	2754	0.000000
281474976710655.000000	2.087121	2755	0.000000
281474976710655.000000	1.974629	2756	0.000000
281474976710655.000000	1.915647	2757	0.000000
281474976710655.000000	1.850679	2758	0.000000
281474976710655.000000	1.764849	2759	0.000000
281474976710655.000000	1.664748	2760	0.000000
281474976710655.000000	1.437739	2761	0.000000
281474976710655.000000	1.559745	2762	0.000000
281474976710655.000000	1.267394	2763	0.000000
281474976710655.000000	1.270815	2764	0.000000
